5 0 2 0 1 3 0 1 0 1 0 1 2 0 0 
0 1 1 0 2 3 0 2 0 3 2 0 3 1 0 
3 3 1 3 1 2 1 1 2 1 1 0 1 3 2 
3 2 3 3 0 0 1 0 0 3 2 0 3 2 1 
1 3 1 3 1 3 0 2 1 0 1 2 1 2 0 
0 3 0 3 2 0 2 0 3 0 1 2 0 2 1 
3 1 0 1 1 3 1 2 1 2 0 2 1 0 2 
0 2 0 0 1 0 3 1 3 0 1 2 1 2 0 
0 1 1 0 1 0 1 3 1 3 1 0 1 1 3 
2 2 3 0 2 0 3 0 3 0 3 0 2 2 0 
3 0 1 0 1 1 3 1 1 0 2 0 1 2 1 
1 2 1 2 3 0 0 3 0 2 3 3 1 3 2 
0 2 0 2 1 0 0 1 0 3 1 0 3 2 0 
0 1 0 2 0 3 2 1 0 3 1 2 0 1 0 
0 0 2 1 1 3 2 1 1 0 2 3 2 0 0 
89--------------0----------------
0 5 2 0 1 3 0 1 0 1 0 1 2 0 0 
0 1 1 0 2 3 0 2 0 3 2 0 3 1 0 
3 3 1 3 1 2 1 1 2 1 1 0 1 3 2 
3 2 3 3 0 0 1 0 0 3 2 0 3 2 1 
1 3 1 3 1 3 0 2 1 0 1 2 1 2 0 
0 3 0 3 2 0 2 0 3 0 1 2 0 2 1 
3 1 0 1 1 3 1 2 1 2 0 2 1 0 2 
0 2 0 0 1 0 3 1 3 0 1 2 1 2 0 
0 1 1 0 1 0 1 3 1 3 1 0 1 1 3 
2 2 3 0 2 0 3 0 3 0 3 0 2 2 0 
3 0 1 0 1 1 3 1 1 0 2 0 1 2 1 
1 2 1 2 3 0 0 3 0 2 3 3 1 3 2 
0 2 0 2 1 0 0 1 0 3 1 0 3 2 0 
0 1 0 2 0 3 2 1 0 3 1 2 0 1 0 
0 0 2 1 1 3 2 1 1 0 2 3 2 0 0 
89--------------1----------------
0 6 2 0 1 3 0 1 0 1 0 1 2 0 0 
0 1 1 0 2 3 0 2 0 3 2 0 3 1 0 
3 3 1 3 1 2 1 1 2 1 1 0 1 3 2 
3 2 3 3 0 0 1 0 0 3 2 0 3 2 1 
1 3 1 3 1 3 0 2 1 0 1 2 1 2 0 
0 3 0 3 2 0 2 0 3 0 1 2 0 2 1 
3 1 0 1 1 3 1 2 1 2 0 2 1 0 2 
0 2 0 0 1 0 3 1 3 0 1 2 1 2 0 
0 1 1 0 1 0 1 3 1 3 1 0 1 1 3 
2 2 3 0 2 0 3 0 3 0 3 0 2 2 0 
3 0 1 0 1 1 3 1 1 0 2 0 1 2 1 
1 2 1 2 3 0 0 3 0 2 3 3 1 3 2 
0 2 0 2 1 0 0 1 0 3 1 0 3 2 0 
0 1 0 2 0 3 2 1 0 3 1 2 0 1 0 
0 0 2 1 1 3 2 1 1 0 2 3 2 0 0 
89--------------2----------------
5 7 2 0 1 3 0 1 0 1 0 1 2 0 0 
0 1 1 0 2 3 0 2 0 3 2 0 3 1 0 
3 3 1 3 1 2 1 1 2 1 1 0 1 3 2 
3 2 3 3 0 0 1 0 0 3 2 0 3 2 1 
1 3 1 3 1 3 0 2 1 0 1 2 1 2 0 
0 3 0 3 2 0 2 0 3 0 1 2 0 2 1 
3 1 0 1 1 3 1 2 1 2 0 2 1 0 2 
0 2 0 0 1 0 3 1 3 0 1 2 1 2 0 
0 1 1 0 1 0 1 3 1 3 1 0 1 1 3 
2 2 3 0 2 0 3 0 3 0 3 0 2 2 0 
3 0 1 0 1 1 3 1 1 0 2 0 1 2 1 
1 2 1 2 3 0 0 3 0 2 3 3 1 3 2 
0 2 0 2 1 0 0 1 0 3 1 0 3 2 0 
0 1 0 2 0 3 2 1 0 3 1 2 0 1 0 
0 0 2 1 1 3 2 1 1 0 2 3 2 0 0 
89--------------3----------------
0 7 2 0 1 3 0 1 0 1 0 1 2 0 0 
5 1 1 0 2 3 0 2 0 3 2 0 3 1 0 
3 3 1 3 1 2 1 1 2 1 1 0 1 3 2 
3 2 3 3 0 0 1 0 0 3 2 0 3 2 1 
1 3 1 3 1 3 0 2 1 0 1 2 1 2 0 
0 3 0 3 2 0 2 0 3 0 1 2 0 2 1 
3 1 0 1 1 3 1 2 1 2 0 2 1 0 2 
0 2 0 0 1 0 3 1 3 0 1 2 1 2 0 
0 1 1 0 1 0 1 3 1 3 1 0 1 1 3 
2 2 3 0 2 0 3 0 3 0 3 0 2 2 0 
3 0 1 0 1 1 3 1 1 0 2 0 1 2 1 
1 2 1 2 3 0 0 3 0 2 3 3 1 3 2 
0 2 0 2 1 0 0 1 0 3 1 0 3 2 0 
0 1 0 2 0 3 2 1 0 3 1 2 0 1 0 
0 0 2 1 1 3 2 1 1 0 2 3 2 0 0 
89--------------4----------------
0 8 2 0 1 3 0 1 0 1 0 1 2 0 0 
5 1 1 0 2 3 0 2 0 3 2 0 3 1 0 
3 3 1 3 1 2 1 1 2 1 1 0 1 3 2 
3 2 3 3 0 0 1 0 0 3 2 0 3 2 1 
1 3 1 3 1 3 0 2 1 0 1 2 1 2 0 
0 3 0 3 2 0 2 0 3 0 1 2 0 2 1 
3 1 0 1 1 3 1 2 1 2 0 2 1 0 2 
0 2 0 0 1 0 3 1 3 0 1 2 1 2 0 
0 1 1 0 1 0 1 3 1 3 1 0 1 1 3 
2 2 3 0 2 0 3 0 3 0 3 0 2 2 0 
3 0 1 0 1 1 3 1 1 0 2 0 1 2 1 
1 2 1 2 3 0 0 3 0 2 3 3 1 3 2 
0 2 0 2 1 0 0 1 0 3 1 0 3 2 0 
0 1 0 2 0 3 2 1 0 3 1 2 0 1 0 
0 0 2 1 1 3 2 1 1 0 2 3 2 0 0 
89--------------5----------------
0 0 0 0 1 3 0 1 0 1 0 1 2 0 0 
5 1 1 0 2 3 0 2 0 3 2 0 3 1 0 
3 3 1 3 1 2 1 1 2 1 1 0 1 3 2 
3 2 3 3 0 0 1 0 0 3 2 0 3 2 1 
1 3 1 3 1 3 0 2 1 0 1 2 1 2 0 
0 3 0 3 2 0 2 0 3 0 1 2 0 2 1 
3 1 0 1 1 3 1 2 1 2 0 2 1 0 2 
0 2 0 0 1 0 3 1 3 0 1 2 1 2 0 
0 1 1 0 1 0 1 3 1 3 1 0 1 1 3 
2 2 3 0 2 0 3 0 3 0 3 0 2 2 0 
3 0 1 0 1 1 3 1 1 0 2 0 1 2 1 
1 2 1 2 3 0 0 3 0 2 3 3 1 3 2 
0 2 0 2 1 0 0 1 0 3 1 0 3 2 0 
0 1 0 2 0 3 2 1 0 3 1 2 0 1 0 
0 0 2 1 1 3 2 1 1 0 2 3 2 0 0 
88--------------6----------------
0 0 0 0 1 3 0 1 0 1 0 1 2 0 0 
6 1 1 0 2 3 0 2 0 3 2 0 3 1 0 
3 3 1 3 1 2 1 1 2 1 1 0 1 3 2 
3 2 3 3 0 0 1 0 0 3 2 0 3 2 1 
1 3 1 3 1 3 0 2 1 0 1 2 1 2 0 
0 3 0 3 2 0 2 0 3 0 1 2 0 2 1 
3 1 0 1 1 3 1 2 1 2 0 2 1 0 2 
0 2 0 0 1 0 3 1 3 0 1 2 1 2 0 
0 1 1 0 1 0 1 3 1 3 1 0 1 1 3 
2 2 3 0 2 0 3 0 3 0 3 0 2 2 0 
3 0 1 0 1 1 3 1 1 0 2 0 1 2 1 
1 2 1 2 3 0 0 3 0 2 3 3 1 3 2 
0 2 0 2 1 0 0 1 0 3 1 0 3 2 0 
0 1 0 2 0 3 2 1 0 3 1 2 0 1 0 
0 0 2 1 1 3 2 1 1 0 2 3 2 0 0 
88--------------7----------------
5 0 0 0 1 3 0 1 0 1 0 1 2 0 0 
7 1 1 0 2 3 0 2 0 3 2 0 3 1 0 
3 3 1 3 1 2 1 1 2 1 1 0 1 3 2 
3 2 3 3 0 0 1 0 0 3 2 0 3 2 1 
1 3 1 3 1 3 0 2 1 0 1 2 1 2 0 
0 3 0 3 2 0 2 0 3 0 1 2 0 2 1 
3 1 0 1 1 3 1 2 1 2 0 2 1 0 2 
0 2 0 0 1 0 3 1 3 0 1 2 1 2 0 
0 1 1 0 1 0 1 3 1 3 1 0 1 1 3 
2 2 3 0 2 0 3 0 3 0 3 0 2 2 0 
3 0 1 0 1 1 3 1 1 0 2 0 1 2 1 
1 2 1 2 3 0 0 3 0 2 3 3 1 3 2 
0 2 0 2 1 0 0 1 0 3 1 0 3 2 0 
0 1 0 2 0 3 2 1 0 3 1 2 0 1 0 
0 0 2 1 1 3 2 1 1 0 2 3 2 0 0 
88--------------8----------------
0 5 0 0 1 3 0 1 0 1 0 1 2 0 0 
7 1 1 0 2 3 0 2 0 3 2 0 3 1 0 
3 3 1 3 1 2 1 1 2 1 1 0 1 3 2 
3 2 3 3 0 0 1 0 0 3 2 0 3 2 1 
1 3 1 3 1 3 0 2 1 0 1 2 1 2 0 
0 3 0 3 2 0 2 0 3 0 1 2 0 2 1 
3 1 0 1 1 3 1 2 1 2 0 2 1 0 2 
0 2 0 0 1 0 3 1 3 0 1 2 1 2 0 
0 1 1 0 1 0 1 3 1 3 1 0 1 1 3 
2 2 3 0 2 0 3 0 3 0 3 0 2 2 0 
3 0 1 0 1 1 3 1 1 0 2 0 1 2 1 
1 2 1 2 3 0 0 3 0 2 3 3 1 3 2 
0 2 0 2 1 0 0 1 0 3 1 0 3 2 0 
0 1 0 2 0 3 2 1 0 3 1 2 0 1 0 
0 0 2 1 1 3 2 1 1 0 2 3 2 0 0 
88--------------9----------------
0 5 0 0 1 3 0 1 0 1 0 1 2 0 0 
8 1 1 0 2 3 0 2 0 3 2 0 3 1 0 
3 3 1 3 1 2 1 1 2 1 1 0 1 3 2 
3 2 3 3 0 0 1 0 0 3 2 0 3 2 1 
1 3 1 3 1 3 0 2 1 0 1 2 1 2 0 
0 3 0 3 2 0 2 0 3 0 1 2 0 2 1 
3 1 0 1 1 3 1 2 1 2 0 2 1 0 2 
0 2 0 0 1 0 3 1 3 0 1 2 1 2 0 
0 1 1 0 1 0 1 3 1 3 1 0 1 1 3 
2 2 3 0 2 0 3 0 3 0 3 0 2 2 0 
3 0 1 0 1 1 3 1 1 0 2 0 1 2 1 
1 2 1 2 3 0 0 3 0 2 3 3 1 3 2 
0 2 0 2 1 0 0 1 0 3 1 0 3 2 0 
0 1 0 2 0 3 2 1 0 3 1 2 0 1 0 
0 0 2 1 1 3 2 1 1 0 2 3 2 0 0 
88--------------10----------------
0 0 5 0 1 3 0 1 0 1 0 1 2 0 0 
0 1 1 0 2 3 0 2 0 3 2 0 3 1 0 
0 3 1 3 1 2 1 1 2 1 1 0 1 3 2 
3 2 3 3 0 0 1 0 0 3 2 0 3 2 1 
1 3 1 3 1 3 0 2 1 0 1 2 1 2 0 
0 3 0 3 2 0 2 0 3 0 1 2 0 2 1 
3 1 0 1 1 3 1 2 1 2 0 2 1 0 2 
0 2 0 0 1 0 3 1 3 0 1 2 1 2 0 
0 1 1 0 1 0 1 3 1 3 1 0 1 1 3 
2 2 3 0 2 0 3 0 3 0 3 0 2 2 0 
3 0 1 0 1 1 3 1 1 0 2 0 1 2 1 
1 2 1 2 3 0 0 3 0 2 3 3 1 3 2 
0 2 0 2 1 0 0 1 0 3 1 0 3 2 0 
0 1 0 2 0 3 2 1 0 3 1 2 0 1 0 
0 0 2 1 1 3 2 1 1 0 2 3 2 0 0 
87--------------11----------------
0 0 0 5 1 3 0 1 0 1 0 1 2 0 0 
0 1 1 0 2 3 0 2 0 3 2 0 3 1 0 
0 3 1 3 1 2 1 1 2 1 1 0 1 3 2 
3 2 3 3 0 0 1 0 0 3 2 0 3 2 1 
1 3 1 3 1 3 0 2 1 0 1 2 1 2 0 
0 3 0 3 2 0 2 0 3 0 1 2 0 2 1 
3 1 0 1 1 3 1 2 1 2 0 2 1 0 2 
0 2 0 0 1 0 3 1 3 0 1 2 1 2 0 
0 1 1 0 1 0 1 3 1 3 1 0 1 1 3 
2 2 3 0 2 0 3 0 3 0 3 0 2 2 0 
3 0 1 0 1 1 3 1 1 0 2 0 1 2 1 
1 2 1 2 3 0 0 3 0 2 3 3 1 3 2 
0 2 0 2 1 0 0 1 0 3 1 0 3 2 0 
0 1 0 2 0 3 2 1 0 3 1 2 0 1 0 
0 0 2 1 1 3 2 1 1 0 2 3 2 0 0 
87--------------12----------------
0 0 0 0 1 3 0 1 0 1 0 1 2 0 0 
0 1 1 5 2 3 0 2 0 3 2 0 3 1 0 
0 3 1 3 1 2 1 1 2 1 1 0 1 3 2 
3 2 3 3 0 0 1 0 0 3 2 0 3 2 1 
1 3 1 3 1 3 0 2 1 0 1 2 1 2 0 
0 3 0 3 2 0 2 0 3 0 1 2 0 2 1 
3 1 0 1 1 3 1 2 1 2 0 2 1 0 2 
0 2 0 0 1 0 3 1 3 0 1 2 1 2 0 
0 1 1 0 1 0 1 3 1 3 1 0 1 1 3 
2 2 3 0 2 0 3 0 3 0 3 0 2 2 0 
3 0 1 0 1 1 3 1 1 0 2 0 1 2 1 
1 2 1 2 3 0 0 3 0 2 3 3 1 3 2 
0 2 0 2 1 0 0 1 0 3 1 0 3 2 0 
0 1 0 2 0 3 2 1 0 3 1 2 0 1 0 
0 0 2 1 1 3 2 1 1 0 2 3 2 0 0 
87--------------13----------------
0 0 0 0 1 3 0 1 0 1 0 1 2 0 0 
0 1 1 6 2 3 0 2 0 3 2 0 3 1 0 
0 3 1 3 1 2 1 1 2 1 1 0 1 3 2 
3 2 3 3 0 0 1 0 0 3 2 0 3 2 1 
1 3 1 3 1 3 0 2 1 0 1 2 1 2 0 
0 3 0 3 2 0 2 0 3 0 1 2 0 2 1 
3 1 0 1 1 3 1 2 1 2 0 2 1 0 2 
0 2 0 0 1 0 3 1 3 0 1 2 1 2 0 
0 1 1 0 1 0 1 3 1 3 1 0 1 1 3 
2 2 3 0 2 0 3 0 3 0 3 0 2 2 0 
3 0 1 0 1 1 3 1 1 0 2 0 1 2 1 
1 2 1 2 3 0 0 3 0 2 3 3 1 3 2 
0 2 0 2 1 0 0 1 0 3 1 0 3 2 0 
0 1 0 2 0 3 2 1 0 3 1 2 0 1 0 
0 0 2 1 1 3 2 1 1 0 2 3 2 0 0 
87--------------14----------------
0 0 0 5 1 3 0 1 0 1 0 1 2 0 0 
0 1 1 7 2 3 0 2 0 3 2 0 3 1 0 
0 3 1 3 1 2 1 1 2 1 1 0 1 3 2 
3 2 3 3 0 0 1 0 0 3 2 0 3 2 1 
1 3 1 3 1 3 0 2 1 0 1 2 1 2 0 
0 3 0 3 2 0 2 0 3 0 1 2 0 2 1 
3 1 0 1 1 3 1 2 1 2 0 2 1 0 2 
0 2 0 0 1 0 3 1 3 0 1 2 1 2 0 
0 1 1 0 1 0 1 3 1 3 1 0 1 1 3 
2 2 3 0 2 0 3 0 3 0 3 0 2 2 0 
3 0 1 0 1 1 3 1 1 0 2 0 1 2 1 
1 2 1 2 3 0 0 3 0 2 3 3 1 3 2 
0 2 0 2 1 0 0 1 0 3 1 0 3 2 0 
0 1 0 2 0 3 2 1 0 3 1 2 0 1 0 
0 0 2 1 1 3 2 1 1 0 2 3 2 0 0 
87--------------15----------------
0 0 5 0 1 3 0 1 0 1 0 1 2 0 0 
0 1 1 7 2 3 0 2 0 3 2 0 3 1 0 
0 3 1 3 1 2 1 1 2 1 1 0 1 3 2 
3 2 3 3 0 0 1 0 0 3 2 0 3 2 1 
1 3 1 3 1 3 0 2 1 0 1 2 1 2 0 
0 3 0 3 2 0 2 0 3 0 1 2 0 2 1 
3 1 0 1 1 3 1 2 1 2 0 2 1 0 2 
0 2 0 0 1 0 3 1 3 0 1 2 1 2 0 
0 1 1 0 1 0 1 3 1 3 1 0 1 1 3 
2 2 3 0 2 0 3 0 3 0 3 0 2 2 0 
3 0 1 0 1 1 3 1 1 0 2 0 1 2 1 
1 2 1 2 3 0 0 3 0 2 3 3 1 3 2 
0 2 0 2 1 0 0 1 0 3 1 0 3 2 0 
0 1 0 2 0 3 2 1 0 3 1 2 0 1 0 
0 0 2 1 1 3 2 1 1 0 2 3 2 0 0 
87--------------16----------------
0 0 5 0 1 3 0 1 0 1 0 1 2 0 0 
0 1 1 8 2 3 0 2 0 3 2 0 3 1 0 
0 3 1 3 1 2 1 1 2 1 1 0 1 3 2 
3 2 3 3 0 0 1 0 0 3 2 0 3 2 1 
1 3 1 3 1 3 0 2 1 0 1 2 1 2 0 
0 3 0 3 2 0 2 0 3 0 1 2 0 2 1 
3 1 0 1 1 3 1 2 1 2 0 2 1 0 2 
0 2 0 0 1 0 3 1 3 0 1 2 1 2 0 
0 1 1 0 1 0 1 3 1 3 1 0 1 1 3 
2 2 3 0 2 0 3 0 3 0 3 0 2 2 0 
3 0 1 0 1 1 3 1 1 0 2 0 1 2 1 
1 2 1 2 3 0 0 3 0 2 3 3 1 3 2 
0 2 0 2 1 0 0 1 0 3 1 0 3 2 0 
0 1 0 2 0 3 2 1 0 3 1 2 0 1 0 
0 0 2 1 1 3 2 1 1 0 2 3 2 0 0 
87--------------17----------------
0 5 0 0 1 3 0 1 0 1 0 1 2 0 0 
0 1 1 0 0 3 0 2 0 3 2 0 3 1 0 
0 3 1 0 1 2 1 1 2 1 1 0 1 3 2 
3 2 3 3 0 0 1 0 0 3 2 0 3 2 1 
1 3 1 3 1 3 0 2 1 0 1 2 1 2 0 
0 3 0 3 2 0 2 0 3 0 1 2 0 2 1 
3 1 0 1 1 3 1 2 1 2 0 2 1 0 2 
0 2 0 0 1 0 3 1 3 0 1 2 1 2 0 
0 1 1 0 1 0 1 3 1 3 1 0 1 1 3 
2 2 3 0 2 0 3 0 3 0 3 0 2 2 0 
3 0 1 0 1 1 3 1 1 0 2 0 1 2 1 
1 2 1 2 3 0 0 3 0 2 3 3 1 3 2 
0 2 0 2 1 0 0 1 0 3 1 0 3 2 0 
0 1 0 2 0 3 2 1 0 3 1 2 0 1 0 
0 0 2 1 1 3 2 1 1 0 2 3 2 0 0 
85--------------18----------------
5 0 0 0 1 3 0 1 0 1 0 1 2 0 0 
0 1 1 0 0 3 0 2 0 3 2 0 3 1 0 
0 3 1 0 1 2 1 1 2 1 1 0 1 3 2 
3 2 3 3 0 0 1 0 0 3 2 0 3 2 1 
1 3 1 3 1 3 0 2 1 0 1 2 1 2 0 
0 3 0 3 2 0 2 0 3 0 1 2 0 2 1 
3 1 0 1 1 3 1 2 1 2 0 2 1 0 2 
0 2 0 0 1 0 3 1 3 0 1 2 1 2 0 
0 1 1 0 1 0 1 3 1 3 1 0 1 1 3 
2 2 3 0 2 0 3 0 3 0 3 0 2 2 0 
3 0 1 0 1 1 3 1 1 0 2 0 1 2 1 
1 2 1 2 3 0 0 3 0 2 3 3 1 3 2 
0 2 0 2 1 0 0 1 0 3 1 0 3 2 0 
0 1 0 2 0 3 2 1 0 3 1 2 0 1 0 
0 0 2 1 1 3 2 1 1 0 2 3 2 0 0 
85--------------19----------------
0 0 0 0 1 3 0 1 0 1 0 1 2 0 0 
5 1 1 0 0 3 0 2 0 3 2 0 3 1 0 
0 3 1 0 1 2 1 1 2 1 1 0 1 3 2 
3 2 3 3 0 0 1 0 0 3 2 0 3 2 1 
1 3 1 3 1 3 0 2 1 0 1 2 1 2 0 
0 3 0 3 2 0 2 0 3 0 1 2 0 2 1 
3 1 0 1 1 3 1 2 1 2 0 2 1 0 2 
0 2 0 0 1 0 3 1 3 0 1 2 1 2 0 
0 1 1 0 1 0 1 3 1 3 1 0 1 1 3 
2 2 3 0 2 0 3 0 3 0 3 0 2 2 0 
3 0 1 0 1 1 3 1 1 0 2 0 1 2 1 
1 2 1 2 3 0 0 3 0 2 3 3 1 3 2 
0 2 0 2 1 0 0 1 0 3 1 0 3 2 0 
0 1 0 2 0 3 2 1 0 3 1 2 0 1 0 
0 0 2 1 1 3 2 1 1 0 2 3 2 0 0 
85--------------20----------------
0 0 0 0 1 3 0 1 0 1 0 1 2 0 0 
0 1 1 0 0 3 0 2 0 3 2 0 3 1 0 
5 3 1 0 1 2 1 1 2 1 1 0 1 3 2 
3 2 3 3 0 0 1 0 0 3 2 0 3 2 1 
1 3 1 3 1 3 0 2 1 0 1 2 1 2 0 
0 3 0 3 2 0 2 0 3 0 1 2 0 2 1 
3 1 0 1 1 3 1 2 1 2 0 2 1 0 2 
0 2 0 0 1 0 3 1 3 0 1 2 1 2 0 
0 1 1 0 1 0 1 3 1 3 1 0 1 1 3 
2 2 3 0 2 0 3 0 3 0 3 0 2 2 0 
3 0 1 0 1 1 3 1 1 0 2 0 1 2 1 
1 2 1 2 3 0 0 3 0 2 3 3 1 3 2 
0 2 0 2 1 0 0 1 0 3 1 0 3 2 0 
0 1 0 2 0 3 2 1 0 3 1 2 0 1 0 
0 0 2 1 1 3 2 1 1 0 2 3 2 0 0 
85--------------21----------------
0 0 0 0 1 3 0 1 0 1 0 1 2 0 0 
0 1 1 0 0 3 0 2 0 3 2 0 3 1 0 
6 3 1 0 1 2 1 1 2 1 1 0 1 3 2 
3 2 3 3 0 0 1 0 0 3 2 0 3 2 1 
1 3 1 3 1 3 0 2 1 0 1 2 1 2 0 
0 3 0 3 2 0 2 0 3 0 1 2 0 2 1 
3 1 0 1 1 3 1 2 1 2 0 2 1 0 2 
0 2 0 0 1 0 3 1 3 0 1 2 1 2 0 
0 1 1 0 1 0 1 3 1 3 1 0 1 1 3 
2 2 3 0 2 0 3 0 3 0 3 0 2 2 0 
3 0 1 0 1 1 3 1 1 0 2 0 1 2 1 
1 2 1 2 3 0 0 3 0 2 3 3 1 3 2 
0 2 0 2 1 0 0 1 0 3 1 0 3 2 0 
0 1 0 2 0 3 2 1 0 3 1 2 0 1 0 
0 0 2 1 1 3 2 1 1 0 2 3 2 0 0 
85--------------22----------------
0 0 0 0 1 3 0 1 0 1 0 1 2 0 0 
5 1 1 0 0 3 0 2 0 3 2 0 3 1 0 
7 3 1 0 1 2 1 1 2 1 1 0 1 3 2 
3 2 3 3 0 0 1 0 0 3 2 0 3 2 1 
1 3 1 3 1 3 0 2 1 0 1 2 1 2 0 
0 3 0 3 2 0 2 0 3 0 1 2 0 2 1 
3 1 0 1 1 3 1 2 1 2 0 2 1 0 2 
0 2 0 0 1 0 3 1 3 0 1 2 1 2 0 
0 1 1 0 1 0 1 3 1 3 1 0 1 1 3 
2 2 3 0 2 0 3 0 3 0 3 0 2 2 0 
3 0 1 0 1 1 3 1 1 0 2 0 1 2 1 
1 2 1 2 3 0 0 3 0 2 3 3 1 3 2 
0 2 0 2 1 0 0 1 0 3 1 0 3 2 0 
0 1 0 2 0 3 2 1 0 3 1 2 0 1 0 
0 0 2 1 1 3 2 1 1 0 2 3 2 0 0 
85--------------23----------------
5 0 0 0 1 3 0 1 0 1 0 1 2 0 0 
0 1 1 0 0 3 0 2 0 3 2 0 3 1 0 
7 3 1 0 1 2 1 1 2 1 1 0 1 3 2 
3 2 3 3 0 0 1 0 0 3 2 0 3 2 1 
1 3 1 3 1 3 0 2 1 0 1 2 1 2 0 
0 3 0 3 2 0 2 0 3 0 1 2 0 2 1 
3 1 0 1 1 3 1 2 1 2 0 2 1 0 2 
0 2 0 0 1 0 3 1 3 0 1 2 1 2 0 
0 1 1 0 1 0 1 3 1 3 1 0 1 1 3 
2 2 3 0 2 0 3 0 3 0 3 0 2 2 0 
3 0 1 0 1 1 3 1 1 0 2 0 1 2 1 
1 2 1 2 3 0 0 3 0 2 3 3 1 3 2 
0 2 0 2 1 0 0 1 0 3 1 0 3 2 0 
0 1 0 2 0 3 2 1 0 3 1 2 0 1 0 
0 0 2 1 1 3 2 1 1 0 2 3 2 0 0 
85--------------24----------------
5 0 0 0 1 3 0 1 0 1 0 1 2 0 0 
0 1 1 0 0 3 0 2 0 3 2 0 3 1 0 
8 3 1 0 1 2 1 1 2 1 1 0 1 3 2 
3 2 3 3 0 0 1 0 0 3 2 0 3 2 1 
1 3 1 3 1 3 0 2 1 0 1 2 1 2 0 
0 3 0 3 2 0 2 0 3 0 1 2 0 2 1 
3 1 0 1 1 3 1 2 1 2 0 2 1 0 2 
0 2 0 0 1 0 3 1 3 0 1 2 1 2 0 
0 1 1 0 1 0 1 3 1 3 1 0 1 1 3 
2 2 3 0 2 0 3 0 3 0 3 0 2 2 0 
3 0 1 0 1 1 3 1 1 0 2 0 1 2 1 
1 2 1 2 3 0 0 3 0 2 3 3 1 3 2 
0 2 0 2 1 0 0 1 0 3 1 0 3 2 0 
0 1 0 2 0 3 2 1 0 3 1 2 0 1 0 
0 0 2 1 1 3 2 1 1 0 2 3 2 0 0 
85--------------25----------------
0 5 0 0 1 3 0 1 0 1 0 1 2 0 0 
0 1 1 0 0 3 0 2 0 3 2 0 3 1 0 
0 0 1 0 1 2 1 1 2 1 1 0 1 3 2 
0 2 3 3 0 0 1 0 0 3 2 0 3 2 1 
1 3 1 3 1 3 0 2 1 0 1 2 1 2 0 
0 3 0 3 2 0 2 0 3 0 1 2 0 2 1 
3 1 0 1 1 3 1 2 1 2 0 2 1 0 2 
0 2 0 0 1 0 3 1 3 0 1 2 1 2 0 
0 1 1 0 1 0 1 3 1 3 1 0 1 1 3 
2 2 3 0 2 0 3 0 3 0 3 0 2 2 0 
3 0 1 0 1 1 3 1 1 0 2 0 1 2 1 
1 2 1 2 3 0 0 3 0 2 3 3 1 3 2 
0 2 0 2 1 0 0 1 0 3 1 0 3 2 0 
0 1 0 2 0 3 2 1 0 3 1 2 0 1 0 
0 0 2 1 1 3 2 1 1 0 2 3 2 0 0 
83--------------26----------------
5 0 0 0 1 3 0 1 0 1 0 1 2 0 0 
0 1 1 0 0 3 0 2 0 3 2 0 3 1 0 
0 0 1 0 1 2 1 1 2 1 1 0 1 3 2 
0 2 3 3 0 0 1 0 0 3 2 0 3 2 1 
1 3 1 3 1 3 0 2 1 0 1 2 1 2 0 
0 3 0 3 2 0 2 0 3 0 1 2 0 2 1 
3 1 0 1 1 3 1 2 1 2 0 2 1 0 2 
0 2 0 0 1 0 3 1 3 0 1 2 1 2 0 
0 1 1 0 1 0 1 3 1 3 1 0 1 1 3 
2 2 3 0 2 0 3 0 3 0 3 0 2 2 0 
3 0 1 0 1 1 3 1 1 0 2 0 1 2 1 
1 2 1 2 3 0 0 3 0 2 3 3 1 3 2 
0 2 0 2 1 0 0 1 0 3 1 0 3 2 0 
0 1 0 2 0 3 2 1 0 3 1 2 0 1 0 
0 0 2 1 1 3 2 1 1 0 2 3 2 0 0 
83--------------27----------------
0 0 0 0 1 3 0 1 0 1 0 1 2 0 0 
5 1 1 0 0 3 0 2 0 3 2 0 3 1 0 
0 0 1 0 1 2 1 1 2 1 1 0 1 3 2 
0 2 3 3 0 0 1 0 0 3 2 0 3 2 1 
1 3 1 3 1 3 0 2 1 0 1 2 1 2 0 
0 3 0 3 2 0 2 0 3 0 1 2 0 2 1 
3 1 0 1 1 3 1 2 1 2 0 2 1 0 2 
0 2 0 0 1 0 3 1 3 0 1 2 1 2 0 
0 1 1 0 1 0 1 3 1 3 1 0 1 1 3 
2 2 3 0 2 0 3 0 3 0 3 0 2 2 0 
3 0 1 0 1 1 3 1 1 0 2 0 1 2 1 
1 2 1 2 3 0 0 3 0 2 3 3 1 3 2 
0 2 0 2 1 0 0 1 0 3 1 0 3 2 0 
0 1 0 2 0 3 2 1 0 3 1 2 0 1 0 
0 0 2 1 1 3 2 1 1 0 2 3 2 0 0 
83--------------28----------------
0 0 0 0 1 3 0 1 0 1 0 1 2 0 0 
0 1 1 0 0 3 0 2 0 3 2 0 3 1 0 
5 0 1 0 1 2 1 1 2 1 1 0 1 3 2 
0 2 3 3 0 0 1 0 0 3 2 0 3 2 1 
1 3 1 3 1 3 0 2 1 0 1 2 1 2 0 
0 3 0 3 2 0 2 0 3 0 1 2 0 2 1 
3 1 0 1 1 3 1 2 1 2 0 2 1 0 2 
0 2 0 0 1 0 3 1 3 0 1 2 1 2 0 
0 1 1 0 1 0 1 3 1 3 1 0 1 1 3 
2 2 3 0 2 0 3 0 3 0 3 0 2 2 0 
3 0 1 0 1 1 3 1 1 0 2 0 1 2 1 
1 2 1 2 3 0 0 3 0 2 3 3 1 3 2 
0 2 0 2 1 0 0 1 0 3 1 0 3 2 0 
0 1 0 2 0 3 2 1 0 3 1 2 0 1 0 
0 0 2 1 1 3 2 1 1 0 2 3 2 0 0 
83--------------29----------------
0 0 0 0 1 3 0 1 0 1 0 1 2 0 0 
0 1 1 0 0 3 0 2 0 3 2 0 3 1 0 
0 0 1 0 1 2 1 1 2 1 1 0 1 3 2 
5 2 3 3 0 0 1 0 0 3 2 0 3 2 1 
1 3 1 3 1 3 0 2 1 0 1 2 1 2 0 
0 3 0 3 2 0 2 0 3 0 1 2 0 2 1 
3 1 0 1 1 3 1 2 1 2 0 2 1 0 2 
0 2 0 0 1 0 3 1 3 0 1 2 1 2 0 
0 1 1 0 1 0 1 3 1 3 1 0 1 1 3 
2 2 3 0 2 0 3 0 3 0 3 0 2 2 0 
3 0 1 0 1 1 3 1 1 0 2 0 1 2 1 
1 2 1 2 3 0 0 3 0 2 3 3 1 3 2 
0 2 0 2 1 0 0 1 0 3 1 0 3 2 0 
0 1 0 2 0 3 2 1 0 3 1 2 0 1 0 
0 0 2 1 1 3 2 1 1 0 2 3 2 0 0 
83--------------30----------------
0 0 0 0 1 3 0 1 0 1 0 1 2 0 0 
0 1 1 0 0 3 0 2 0 3 2 0 3 1 0 
0 0 1 0 1 2 1 1 2 1 1 0 1 3 2 
6 2 3 3 0 0 1 0 0 3 2 0 3 2 1 
1 3 1 3 1 3 0 2 1 0 1 2 1 2 0 
0 3 0 3 2 0 2 0 3 0 1 2 0 2 1 
3 1 0 1 1 3 1 2 1 2 0 2 1 0 2 
0 2 0 0 1 0 3 1 3 0 1 2 1 2 0 
0 1 1 0 1 0 1 3 1 3 1 0 1 1 3 
2 2 3 0 2 0 3 0 3 0 3 0 2 2 0 
3 0 1 0 1 1 3 1 1 0 2 0 1 2 1 
1 2 1 2 3 0 0 3 0 2 3 3 1 3 2 
0 2 0 2 1 0 0 1 0 3 1 0 3 2 0 
0 1 0 2 0 3 2 1 0 3 1 2 0 1 0 
0 0 2 1 1 3 2 1 1 0 2 3 2 0 0 
83--------------31----------------
0 0 0 0 1 3 0 1 0 1 0 1 2 0 0 
0 1 1 0 0 3 0 2 0 3 2 0 3 1 0 
5 0 1 0 1 2 1 1 2 1 1 0 1 3 2 
7 2 3 3 0 0 1 0 0 3 2 0 3 2 1 
1 3 1 3 1 3 0 2 1 0 1 2 1 2 0 
0 3 0 3 2 0 2 0 3 0 1 2 0 2 1 
3 1 0 1 1 3 1 2 1 2 0 2 1 0 2 
0 2 0 0 1 0 3 1 3 0 1 2 1 2 0 
0 1 1 0 1 0 1 3 1 3 1 0 1 1 3 
2 2 3 0 2 0 3 0 3 0 3 0 2 2 0 
3 0 1 0 1 1 3 1 1 0 2 0 1 2 1 
1 2 1 2 3 0 0 3 0 2 3 3 1 3 2 
0 2 0 2 1 0 0 1 0 3 1 0 3 2 0 
0 1 0 2 0 3 2 1 0 3 1 2 0 1 0 
0 0 2 1 1 3 2 1 1 0 2 3 2 0 0 
83--------------32----------------
0 0 0 0 1 3 0 1 0 1 0 1 2 0 0 
5 1 1 0 0 3 0 2 0 3 2 0 3 1 0 
0 0 1 0 1 2 1 1 2 1 1 0 1 3 2 
7 2 3 3 0 0 1 0 0 3 2 0 3 2 1 
1 3 1 3 1 3 0 2 1 0 1 2 1 2 0 
0 3 0 3 2 0 2 0 3 0 1 2 0 2 1 
3 1 0 1 1 3 1 2 1 2 0 2 1 0 2 
0 2 0 0 1 0 3 1 3 0 1 2 1 2 0 
0 1 1 0 1 0 1 3 1 3 1 0 1 1 3 
2 2 3 0 2 0 3 0 3 0 3 0 2 2 0 
3 0 1 0 1 1 3 1 1 0 2 0 1 2 1 
1 2 1 2 3 0 0 3 0 2 3 3 1 3 2 
0 2 0 2 1 0 0 1 0 3 1 0 3 2 0 
0 1 0 2 0 3 2 1 0 3 1 2 0 1 0 
0 0 2 1 1 3 2 1 1 0 2 3 2 0 0 
83--------------33----------------
5 0 0 0 1 3 0 1 0 1 0 1 2 0 0 
0 1 1 0 0 3 0 2 0 3 2 0 3 1 0 
0 0 1 0 1 2 1 1 2 1 1 0 1 3 2 
7 2 3 3 0 0 1 0 0 3 2 0 3 2 1 
1 3 1 3 1 3 0 2 1 0 1 2 1 2 0 
0 3 0 3 2 0 2 0 3 0 1 2 0 2 1 
3 1 0 1 1 3 1 2 1 2 0 2 1 0 2 
0 2 0 0 1 0 3 1 3 0 1 2 1 2 0 
0 1 1 0 1 0 1 3 1 3 1 0 1 1 3 
2 2 3 0 2 0 3 0 3 0 3 0 2 2 0 
3 0 1 0 1 1 3 1 1 0 2 0 1 2 1 
1 2 1 2 3 0 0 3 0 2 3 3 1 3 2 
0 2 0 2 1 0 0 1 0 3 1 0 3 2 0 
0 1 0 2 0 3 2 1 0 3 1 2 0 1 0 
0 0 2 1 1 3 2 1 1 0 2 3 2 0 0 
83--------------34----------------
5 0 0 0 1 3 0 1 0 1 0 1 2 0 0 
0 1 1 0 0 3 0 2 0 3 2 0 3 1 0 
0 0 1 0 1 2 1 1 2 1 1 0 1 3 2 
8 2 3 3 0 0 1 0 0 3 2 0 3 2 1 
1 3 1 3 1 3 0 2 1 0 1 2 1 2 0 
0 3 0 3 2 0 2 0 3 0 1 2 0 2 1 
3 1 0 1 1 3 1 2 1 2 0 2 1 0 2 
0 2 0 0 1 0 3 1 3 0 1 2 1 2 0 
0 1 1 0 1 0 1 3 1 3 1 0 1 1 3 
2 2 3 0 2 0 3 0 3 0 3 0 2 2 0 
3 0 1 0 1 1 3 1 1 0 2 0 1 2 1 
1 2 1 2 3 0 0 3 0 2 3 3 1 3 2 
0 2 0 2 1 0 0 1 0 3 1 0 3 2 0 
0 1 0 2 0 3 2 1 0 3 1 2 0 1 0 
0 0 2 1 1 3 2 1 1 0 2 3 2 0 0 
83--------------35----------------
5 0 0 0 1 3 0 1 0 1 0 1 2 0 0 
0 1 1 0 0 3 0 2 0 3 2 0 3 1 0 
0 0 1 0 1 2 1 1 2 1 1 0 1 3 2 
0 0 3 3 0 0 1 0 0 3 2 0 3 2 1 
1 3 1 3 1 3 0 2 1 0 1 2 1 2 0 
0 3 0 3 2 0 2 0 3 0 1 2 0 2 1 
3 1 0 1 1 3 1 2 1 2 0 2 1 0 2 
0 2 0 0 1 0 3 1 3 0 1 2 1 2 0 
0 1 1 0 1 0 1 3 1 3 1 0 1 1 3 
2 2 3 0 2 0 3 0 3 0 3 0 2 2 0 
3 0 1 0 1 1 3 1 1 0 2 0 1 2 1 
1 2 1 2 3 0 0 3 0 2 3 3 1 3 2 
0 2 0 2 1 0 0 1 0 3 1 0 3 2 0 
0 1 0 2 0 3 2 1 0 3 1 2 0 1 0 
0 0 2 1 1 3 2 1 1 0 2 3 2 0 0 
82--------------36----------------
0 0 0 0 1 3 0 1 0 1 0 1 2 0 0 
5 1 1 0 0 3 0 2 0 3 2 0 3 1 0 
0 0 1 0 1 2 1 1 2 1 1 0 1 3 2 
0 0 3 3 0 0 1 0 0 3 2 0 3 2 1 
1 3 1 3 1 3 0 2 1 0 1 2 1 2 0 
0 3 0 3 2 0 2 0 3 0 1 2 0 2 1 
3 1 0 1 1 3 1 2 1 2 0 2 1 0 2 
0 2 0 0 1 0 3 1 3 0 1 2 1 2 0 
0 1 1 0 1 0 1 3 1 3 1 0 1 1 3 
2 2 3 0 2 0 3 0 3 0 3 0 2 2 0 
3 0 1 0 1 1 3 1 1 0 2 0 1 2 1 
1 2 1 2 3 0 0 3 0 2 3 3 1 3 2 
0 2 0 2 1 0 0 1 0 3 1 0 3 2 0 
0 1 0 2 0 3 2 1 0 3 1 2 0 1 0 
0 0 2 1 1 3 2 1 1 0 2 3 2 0 0 
82--------------37----------------
0 0 0 0 1 3 0 1 0 1 0 1 2 0 0 
0 1 1 0 0 3 0 2 0 3 2 0 3 1 0 
5 0 1 0 1 2 1 1 2 1 1 0 1 3 2 
0 0 3 3 0 0 1 0 0 3 2 0 3 2 1 
1 3 1 3 1 3 0 2 1 0 1 2 1 2 0 
0 3 0 3 2 0 2 0 3 0 1 2 0 2 1 
3 1 0 1 1 3 1 2 1 2 0 2 1 0 2 
0 2 0 0 1 0 3 1 3 0 1 2 1 2 0 
0 1 1 0 1 0 1 3 1 3 1 0 1 1 3 
2 2 3 0 2 0 3 0 3 0 3 0 2 2 0 
3 0 1 0 1 1 3 1 1 0 2 0 1 2 1 
1 2 1 2 3 0 0 3 0 2 3 3 1 3 2 
0 2 0 2 1 0 0 1 0 3 1 0 3 2 0 
0 1 0 2 0 3 2 1 0 3 1 2 0 1 0 
0 0 2 1 1 3 2 1 1 0 2 3 2 0 0 
82--------------38----------------
0 0 0 0 1 3 0 1 0 1 0 1 2 0 0 
0 1 1 0 0 3 0 2 0 3 2 0 3 1 0 
0 0 1 0 1 2 1 1 2 1 1 0 1 3 2 
5 0 3 3 0 0 1 0 0 3 2 0 3 2 1 
1 3 1 3 1 3 0 2 1 0 1 2 1 2 0 
0 3 0 3 2 0 2 0 3 0 1 2 0 2 1 
3 1 0 1 1 3 1 2 1 2 0 2 1 0 2 
0 2 0 0 1 0 3 1 3 0 1 2 1 2 0 
0 1 1 0 1 0 1 3 1 3 1 0 1 1 3 
2 2 3 0 2 0 3 0 3 0 3 0 2 2 0 
3 0 1 0 1 1 3 1 1 0 2 0 1 2 1 
1 2 1 2 3 0 0 3 0 2 3 3 1 3 2 
0 2 0 2 1 0 0 1 0 3 1 0 3 2 0 
0 1 0 2 0 3 2 1 0 3 1 2 0 1 0 
0 0 2 1 1 3 2 1 1 0 2 3 2 0 0 
82--------------39----------------
0 0 0 0 1 3 0 1 0 1 0 1 2 0 0 
0 1 1 0 0 3 0 2 0 3 2 0 3 1 0 
0 0 1 0 1 2 1 1 2 1 1 0 1 3 2 
0 5 3 3 0 0 1 0 0 3 2 0 3 2 1 
1 3 1 3 1 3 0 2 1 0 1 2 1 2 0 
0 3 0 3 2 0 2 0 3 0 1 2 0 2 1 
3 1 0 1 1 3 1 2 1 2 0 2 1 0 2 
0 2 0 0 1 0 3 1 3 0 1 2 1 2 0 
0 1 1 0 1 0 1 3 1 3 1 0 1 1 3 
2 2 3 0 2 0 3 0 3 0 3 0 2 2 0 
3 0 1 0 1 1 3 1 1 0 2 0 1 2 1 
1 2 1 2 3 0 0 3 0 2 3 3 1 3 2 
0 2 0 2 1 0 0 1 0 3 1 0 3 2 0 
0 1 0 2 0 3 2 1 0 3 1 2 0 1 0 
0 0 2 1 1 3 2 1 1 0 2 3 2 0 0 
82--------------40----------------
0 0 0 0 1 3 0 1 0 1 0 1 2 0 0 
0 1 1 0 0 3 0 2 0 3 2 0 3 1 0 
0 0 1 0 1 2 1 1 2 1 1 0 1 3 2 
0 6 3 3 0 0 1 0 0 3 2 0 3 2 1 
1 3 1 3 1 3 0 2 1 0 1 2 1 2 0 
0 3 0 3 2 0 2 0 3 0 1 2 0 2 1 
3 1 0 1 1 3 1 2 1 2 0 2 1 0 2 
0 2 0 0 1 0 3 1 3 0 1 2 1 2 0 
0 1 1 0 1 0 1 3 1 3 1 0 1 1 3 
2 2 3 0 2 0 3 0 3 0 3 0 2 2 0 
3 0 1 0 1 1 3 1 1 0 2 0 1 2 1 
1 2 1 2 3 0 0 3 0 2 3 3 1 3 2 
0 2 0 2 1 0 0 1 0 3 1 0 3 2 0 
0 1 0 2 0 3 2 1 0 3 1 2 0 1 0 
0 0 2 1 1 3 2 1 1 0 2 3 2 0 0 
82--------------41----------------
5 0 2 0 1 2 0 1 0 1 0 1 2 0 0 
0 1 1 0 3 2 0 3 0 3 3 0 2 1 0 
2 2 1 2 1 3 1 1 2 1 1 0 1 3 3 
3 2 2 2 0 0 1 0 0 3 2 0 2 2 1 
1 2 1 3 1 3 0 2 1 0 1 3 1 2 0 
0 3 0 3 3 0 3 0 2 0 1 3 0 2 1 
3 1 0 1 1 2 1 3 1 3 0 3 1 0 3 
0 3 0 0 1 0 2 1 3 0 1 2 1 3 0 
0 1 1 0 1 0 1 2 1 3 1 0 1 1 3 
3 3 3 0 3 0 2 0 2 0 2 0 3 2 0 
3 0 1 0 1 1 2 1 1 0 3 0 1 2 1 
1 2 1 3 3 0 0 2 0 3 2 2 1 2 3 
0 3 0 2 1 0 0 1 0 2 1 0 3 2 0 
0 1 0 2 0 2 2 1 0 2 1 3 0 1 0 
0 0 2 1 1 3 3 1 1 0 2 3 3 0 0 
89--------------42----------------
5 0 2 0 1 2 0 1 0 1 0 1 2 0 0 
0 1 1 0 3 2 0 3 0 3 3 0 2 1 0 
2 2 1 2 1 3 1 1 2 1 1 0 1 3 3 
3 2 2 2 0 0 1 0 0 3 2 0 2 2 1 
1 2 1 3 1 3 0 2 1 0 1 3 1 2 0 
0 3 0 3 3 0 3 0 2 0 1 3 0 2 1 
3 1 0 1 1 2 1 3 1 3 0 3 1 0 3 
0 3 0 0 1 0 2 1 3 0 1 2 1 3 0 
0 1 1 0 1 0 1 2 1 3 1 0 1 1 3 
3 3 3 0 3 0 2 0 2 0 2 0 3 2 0 
3 0 1 0 1 1 2 1 1 0 3 0 1 2 1 
1 2 1 3 3 0 0 2 0 3 2 2 1 2 3 
0 3 0 2 1 0 0 1 0 2 1 0 3 2 0 
0 1 0 2 0 2 2 1 0 2 1 3 0 1 0 
0 0 2 1 1 3 3 1 1 0 2 3 3 0 0 
89--------------43----------------
5 0 2 0 1 2 0 1 0 1 0 1 2 0 0 
0 1 1 0 3 2 0 3 0 3 3 0 2 1 0 
2 2 1 2 1 3 1 1 2 1 1 0 1 3 3 
3 2 2 2 0 0 1 0 0 3 2 0 2 2 1 
1 2 1 3 1 3 0 2 1 0 1 3 1 2 0 
0 3 0 3 3 0 3 0 2 0 1 3 0 2 1 
3 1 0 1 1 2 1 3 1 3 0 3 1 0 3 
0 3 0 0 1 0 2 1 3 0 1 2 1 3 0 
0 1 1 0 1 0 1 2 1 3 1 0 1 1 3 
3 3 3 0 3 0 2 0 2 0 2 0 3 2 0 
3 0 1 0 1 1 2 1 1 0 3 0 1 2 1 
1 2 1 3 3 0 0 2 0 3 2 2 1 2 3 
0 3 0 2 1 0 0 1 0 2 1 0 3 2 0 
0 1 0 2 0 2 2 1 0 2 1 3 0 1 0 
0 0 2 1 1 3 3 1 1 0 2 3 3 0 0 
89--------------44----------------
5 0 2 0 1 2 0 1 0 1 0 1 2 0 0 
0 1 1 0 3 2 0 3 0 3 3 0 2 1 0 
2 2 1 2 1 3 1 1 2 1 1 0 1 3 3 
3 2 2 2 0 0 1 0 0 3 2 0 2 2 1 
1 2 1 3 1 3 0 2 1 0 1 3 1 2 0 
0 3 0 3 3 0 3 0 2 0 1 3 0 2 1 
3 1 0 1 1 2 1 3 1 3 0 3 1 0 3 
0 3 0 0 1 0 2 1 3 0 1 2 1 3 0 
0 1 1 0 1 0 1 2 1 3 1 0 1 1 3 
3 3 3 0 3 0 2 0 2 0 2 0 3 2 0 
3 0 1 0 1 1 2 1 1 0 3 0 1 2 1 
1 2 1 3 3 0 0 2 0 3 2 2 1 2 3 
0 3 0 2 1 0 0 1 0 2 1 0 3 2 0 
0 1 0 2 0 2 2 1 0 2 1 3 0 1 0 
0 0 2 1 1 3 3 1 1 0 2 3 3 0 0 
89--------------45----------------
0 5 2 0 1 2 0 1 0 1 0 1 2 0 0 
0 1 1 0 3 2 0 3 0 3 3 0 2 1 0 
2 2 1 2 1 3 1 1 2 1 1 0 1 3 3 
3 2 2 2 0 0 1 0 0 3 2 0 2 2 1 
1 2 1 3 1 3 0 2 1 0 1 3 1 2 0 
0 3 0 3 3 0 3 0 2 0 1 3 0 2 1 
3 1 0 1 1 2 1 3 1 3 0 3 1 0 3 
0 3 0 0 1 0 2 1 3 0 1 2 1 3 0 
0 1 1 0 1 0 1 2 1 3 1 0 1 1 3 
3 3 3 0 3 0 2 0 2 0 2 0 3 2 0 
3 0 1 0 1 1 2 1 1 0 3 0 1 2 1 
1 2 1 3 3 0 0 2 0 3 2 2 1 2 3 
0 3 0 2 1 0 0 1 0 2 1 0 3 2 0 
0 1 0 2 0 2 2 1 0 2 1 3 0 1 0 
0 0 2 1 1 3 3 1 1 0 2 3 3 0 0 
89--------------46----------------
0 6 2 0 1 2 0 1 0 1 0 1 2 0 0 
0 1 1 0 3 2 0 3 0 3 3 0 2 1 0 
2 2 1 2 1 3 1 1 2 1 1 0 1 3 3 
3 2 2 2 0 0 1 0 0 3 2 0 2 2 1 
1 2 1 3 1 3 0 2 1 0 1 3 1 2 0 
0 3 0 3 3 0 3 0 2 0 1 3 0 2 1 
3 1 0 1 1 2 1 3 1 3 0 3 1 0 3 
0 3 0 0 1 0 2 1 3 0 1 2 1 3 0 
0 1 1 0 1 0 1 2 1 3 1 0 1 1 3 
3 3 3 0 3 0 2 0 2 0 2 0 3 2 0 
3 0 1 0 1 1 2 1 1 0 3 0 1 2 1 
1 2 1 3 3 0 0 2 0 3 2 2 1 2 3 
0 3 0 2 1 0 0 1 0 2 1 0 3 2 0 
0 1 0 2 0 2 2 1 0 2 1 3 0 1 0 
0 0 2 1 1 3 3 1 1 0 2 3 3 0 0 
89--------------47----------------
5 7 2 0 1 2 0 1 0 1 0 1 2 0 0 
0 1 1 0 3 2 0 3 0 3 3 0 2 1 0 
2 2 1 2 1 3 1 1 2 1 1 0 1 3 3 
3 2 2 2 0 0 1 0 0 3 2 0 2 2 1 
1 2 1 3 1 3 0 2 1 0 1 3 1 2 0 
0 3 0 3 3 0 3 0 2 0 1 3 0 2 1 
3 1 0 1 1 2 1 3 1 3 0 3 1 0 3 
0 3 0 0 1 0 2 1 3 0 1 2 1 3 0 
0 1 1 0 1 0 1 2 1 3 1 0 1 1 3 
3 3 3 0 3 0 2 0 2 0 2 0 3 2 0 
3 0 1 0 1 1 2 1 1 0 3 0 1 2 1 
1 2 1 3 3 0 0 2 0 3 2 2 1 2 3 
0 3 0 2 1 0 0 1 0 2 1 0 3 2 0 
0 1 0 2 0 2 2 1 0 2 1 3 0 1 0 
0 0 2 1 1 3 3 1 1 0 2 3 3 0 0 
89--------------48----------------
0 7 2 0 1 2 0 1 0 1 0 1 2 0 0 
5 1 1 0 3 2 0 3 0 3 3 0 2 1 0 
2 2 1 2 1 3 1 1 2 1 1 0 1 3 3 
3 2 2 2 0 0 1 0 0 3 2 0 2 2 1 
1 2 1 3 1 3 0 2 1 0 1 3 1 2 0 
0 3 0 3 3 0 3 0 2 0 1 3 0 2 1 
3 1 0 1 1 2 1 3 1 3 0 3 1 0 3 
0 3 0 0 1 0 2 1 3 0 1 2 1 3 0 
0 1 1 0 1 0 1 2 1 3 1 0 1 1 3 
3 3 3 0 3 0 2 0 2 0 2 0 3 2 0 
3 0 1 0 1 1 2 1 1 0 3 0 1 2 1 
1 2 1 3 3 0 0 2 0 3 2 2 1 2 3 
0 3 0 2 1 0 0 1 0 2 1 0 3 2 0 
0 1 0 2 0 2 2 1 0 2 1 3 0 1 0 
0 0 2 1 1 3 3 1 1 0 2 3 3 0 0 
89--------------49----------------
0 8 2 0 1 2 0 1 0 1 0 1 2 0 0 
5 1 1 0 3 2 0 3 0 3 3 0 2 1 0 
2 2 1 2 1 3 1 1 2 1 1 0 1 3 3 
3 2 2 2 0 0 1 0 0 3 2 0 2 2 1 
1 2 1 3 1 3 0 2 1 0 1 3 1 2 0 
0 3 0 3 3 0 3 0 2 0 1 3 0 2 1 
3 1 0 1 1 2 1 3 1 3 0 3 1 0 3 
0 3 0 0 1 0 2 1 3 0 1 2 1 3 0 
0 1 1 0 1 0 1 2 1 3 1 0 1 1 3 
3 3 3 0 3 0 2 0 2 0 2 0 3 2 0 
3 0 1 0 1 1 2 1 1 0 3 0 1 2 1 
1 2 1 3 3 0 0 2 0 3 2 2 1 2 3 
0 3 0 2 1 0 0 1 0 2 1 0 3 2 0 
0 1 0 2 0 2 2 1 0 2 1 3 0 1 0 
0 0 2 1 1 3 3 1 1 0 2 3 3 0 0 
89--------------50----------------
0 0 0 0 1 2 0 1 0 1 0 1 2 0 0 
5 1 1 0 3 2 0 3 0 3 3 0 2 1 0 
2 2 1 2 1 3 1 1 2 1 1 0 1 3 3 
3 2 2 2 0 0 1 0 0 3 2 0 2 2 1 
1 2 1 3 1 3 0 2 1 0 1 3 1 2 0 
0 3 0 3 3 0 3 0 2 0 1 3 0 2 1 
3 1 0 1 1 2 1 3 1 3 0 3 1 0 3 
0 3 0 0 1 0 2 1 3 0 1 2 1 3 0 
0 1 1 0 1 0 1 2 1 3 1 0 1 1 3 
3 3 3 0 3 0 2 0 2 0 2 0 3 2 0 
3 0 1 0 1 1 2 1 1 0 3 0 1 2 1 
1 2 1 3 3 0 0 2 0 3 2 2 1 2 3 
0 3 0 2 1 0 0 1 0 2 1 0 3 2 0 
0 1 0 2 0 2 2 1 0 2 1 3 0 1 0 
0 0 2 1 1 3 3 1 1 0 2 3 3 0 0 
88--------------51----------------
